224 85 83 130 67 8 136 123 140 153 68 96 193 87 99 172 36 71 32 126 201 177 151 96 138 164 240 79 159 92 99 232 179 182 120 234 141 236 36 3 106 103 121 136 211 151 94 134 115 84 184 37 52 146 154 100 253 0 92 9 13 191 92 125 24 54 36 240 107 185 204 96 226 215 176 64 124 198 149 6 185 217 143 198 161 213 230 28 74 140 68 238 49 70 254 17 178 33 17 77
217 164 121 188 205 130 251 123 35 124 26 62 171 190 200 207 202 131 24 86 51 130 7 148 208 157 19 180 139 205 66 11 78 67 238 13 223 1 108 20 220 208 151 89 71 115 73 69 165 210 73 24 122 157 103 83 188 110 110 246 136 156 184 113 3 235 247 103 54 222 118 17 66 164 146 179 1 168 204 202 1 231 32 241 185 222 75 216 101 111 236 112 77 36 111 162 220 93 230 214
12 103 9 52 219 203 215 15 41 109 38 188 45 201 231 186 157 210 179 194 136 211 67 255 210 3 29 242 185 216 145 55 226 84 35 100 129 187 155 218 122 222 66 74 248 74 111 81 91 205 180 142 44 119 254 189 121 151 72 149 181 227 149 62 168 51 43 196 212 146 126 154 200 4 211 128 7 158 243 189 26 199 111 156 170 246 122 109 136 231 190 1 26 237 10 51 214 33 22 111
47 152 171 69 138 127 55 160 40 114 141 6 106 43 117 195 188 134 90 202 20 209 213 17 63 240 82 245 174 98 128 16 56 111 86 207 193 74 49 107 24 4 132 88 162 100 153 178 213 7 115 43 53 134 125 152 75 140 60 15 99 120 146 33 63 91 72 116 20 90 67 6 54 34 101 110 36 176 16 238 148 105 222 44 53 183 123 231 172 160 152 98 154 161 45 8 188 197 107 246
153 255 50 150 22 86 208 80 48 76 231 10 241 224 52 184 133 164 51 40 211 216 134 88 122 196 136 192 233 81 43 126 8 143 228 142 66 80 214 137 128 41 113 201 103 174 80 9 122 29 9 134 3 145 168 218 27 232 45 143 62 114 85 47 26 160 215 105 26 73 38 180 221 161 61 192 125 240 236 210 140 56 114 217 196 62 131 115 207 154 85 209 185 31 123 229 67 26 38 50
244 196 15 196 132 65 237 56 27 220 93 34 173 207 213 37 194 36 109 29 16 59 28 102 135 145 241 231 144 70 151 194 204 132 184 225 13 99 243 33 156 121 227 153 90 36 227 60 148 139 80 187 171 81 95 184 138 164 124 180 129 28 214 217 209 193 235 84 12 41 144 176 183 151 254 22 247 214 226 184 7 61 170 113 156 71 24 254 174 43 197 24 188 220 146 177 157 6 45 63
181 122 158 229 166 183 126 213 192 221 152 164 88 238 95 179 71 211 209 200 87 216 63 201 185 72 145 244 18 130 14 65 210 120 204 163 131 41 175 148 39 211 136 15 221 109 175 173 44 203 111 92 66 244 242 81 116 72 83 100 74 209 185 136 106 227 230 15 130 120 213 168 200 110 193 114 167 76 43 166 96 170 227 55 171 8 92 100 152 5 178 99 50 40 68 180 71 82 84 218
204 245 28 161 89 146 238 12 26 1 189 222 162 171 46 217 109 78 194 225 198 239 238 157 69 247 87 198 72 32 167 112 133 127 232 3 66 66 247 62 81 142 156 225 44 66 113 227 231 242 138 57 66 201 6 26 143 84 154 92 209 1 28 183 104 250 11 96 158 169 162 54 55 230 32 183 218 160 181 107 122 69 24 82 218 114 57 72 63 201 231 129 104 159 40 73 212 177 51 154
147 0 14 244 24 155 192 186 34 109 102 81 85 226 148 70 39 196 202 236 214 112 18 162 17 244 174 73 102 28 254 12 225 5 186 20 223 187 232 92 178 52 180 238 61 169 171 44 108 164 172 17 67 135 44 235 195 191 5 208 64 176 65 11 83 215 114 225 61 64 163 239 11 130 92 248 199 175 79 251 61 100 152 5 144 254 255 87 15 147 167 203 163 191 134 130 74 8 224 166
24 118 226 62 91 174 202 243 93 204 254 99 54 6 153 16 24 103 10 179 223 29 1 30 88 178 122 55 102 154 145 217 125 163 153 222 197 216 120 188 17 38 194 192 17 217 34 30 20 41 28 56 38 202 196 25 155 202 51 254 166 154 208 5 5 194 153 13 48 55 176 232 236 155 255 51 238 201 34 190 170 158 103 37 92 204 157 153 233 248 225 29 7 161 45 36 31 146 237 118
168 184 137 248 123 254 45 60 93 14 121 160 98 15 186 205 68 89 60 233 131 90 212 166 135 252 251 50 48 244 44 18 183 38 51 27 168 196 32 186 191 180 44 137 104 72 70 179 225 89 103 120 57 70 141 186 138 31 86 220 220 185 87 216 205 150 90 145 10 194 184 182 238 162 225 193 14 204 158 231 154 29 248 179 9 95 44 20 3 166 98 83 212 216 151 179 59 86 38 49
71 245 144 94 139 96 139 12 235 28 139 148 36 53 17 67 143 245 178 122 8 2 30 212 2 229 143 249 45 79 0 227 189 70 48 116 208 250 115 48 228 191 54 3 198 184 106 161 216 33 111 28 20 185 60 217 42 79 83 202 44 203 152 108 30 100 70 222 199 68 121 134 40 208 55 97 49 120 38 194 77 118 206 122 245 166 97 33 5 0 244 222 33 129 198 245 146 116 250 227
146 51 90 244 145 149 220 88 240 83 181 35 56 57 4 69 177 123 21 89 53 93 216 249 193 82 252 227 21 86 139 95 142 60 136 104 61 219 74 165 211 204 124 67 194 199 253 20 173 61 145 114 246 30 11 10 34 230 16 68 13 39 236 239 127 116 5 84 140 175 67 171 130 242 188 174 94 33 107 41 161 198 209 160 13 199 42 114 30 11 116 176 0 73 61 162 241 249 175 99
195 70 172 126 230 159 84 91 11 163 252 218 127 132 66 24 119 167 198 148 113 251 136 252 80 185 144 216 156 74 187 109 149 136 197 104 180 226 193 232 202 17 234 95 231 73 205 37 231 189 207 201 102 103 40 216 84 218 143 221 221 254 22 245 90 200 136 247 159 93 60 176 149 97 80 32 13 156 252 62 217 123 147 240 157 182 27 39 109 201 164 66 247 108 160 248 40 213 226 22
2 145 54 57 46 214 123 193 95 93 158 165 2 103 99 174 19 224 135 251 56 104 38 112 252 11 176 56 166 123 37 134 252 159 101 177 16 237 83 91 147 5 107 175 120 216 183 131 56 190 195 186 222 17 17 200 247 188 214 114 4 236 12 83 117 141 97 144 241 65 164 57 48 206 242 226 145 78 58 114 202 125 150 94 147 72 254 49 25 255 202 155 37 111 69 201 165 69 51 114
191 246 223 147 160 177 79 159 49 251 187 53 41 185 80 59 252 41 98 251 141 25 194 111 69 137 248 226 81 201 217 52 12 65 127 250 15 131 106 142 21 247 70 28 104 12 170 5 91 216 168 75 210 18 154 252 133 167 28 194 172 185 127 17 142 220 8 170 95 214 149 176 154 90 5 27 198 158 168 144 253 121 142 68 145 63 176 34 10 209 24 110 19 122 119 24 43 49 46 144
205 56 128 111 119 195 134 232 107 33 91 213 92 97 78 97 215 45 30 172 7 192 52 42 127 217 202 59 240 99 144 101 75 16 64 155 53 158 10 31 214 199 141 46 233 226 135 97 60 84 121 163 115 170 221 141 205 182 147 117 130 155 68 195 218 33 48 127 243 143 210 63 117 237 255 102 247 90 134 96 194 163 145 199 108 238 72 216 206 12 238 204 232 142 231 104 106 137 165 251
175 162 136 195 141 26 229 178 45 92 125 142 184 67 223 78 54 142 81 91 84 97 103 225 35 220 110 111 119 60 61 156 232 65 58 228 120 87 89 99 236 164 67 32 248 37 151 221 59 89 176 82 213 90 72 55 141 79 71 216 168 154 121 23 165 163 88 140 5 129 153 125 60 208 32 214 245 218 108 250 130 235 222 95 241 6 53 243 66 155 240 249 202 50 109 104 192 248 73 114
9 120 254 252 2 169 246 182 194 207 208 106 115 215 147 49 219 171 188 92 42 82 221 157 253 82 61 61 141 8 194 42 107 208 36 30 94 111 229 243 213 53 12 242 189 209 26 118 251 138 43 84 236 227 228 220 50 8 137 66 228 117 128 243 9 229 132 31 5 17 44 173 240 156 23 33 103 16 137 182 123 1 245 88 243 238 119 110 201 14 99 185 210 200 31 88 65 235 71 52
173 230 76 20 198 65 140 64 215 7 221 226 170 38 155 18 143 24 237 32 164 222 94 220 89 123 88 157 208 220 122 159 113 242 233 203 104 121 66 255 221 139 78 164 80 167 146 114 48 75 109 88 204 157 154 175 149 6 234 186 96 25 26 122 74 73 123 46 133 193 131 240 183 191 35 31 54 224 7 230 76 107 207 72 12 79 79 23 67 6 22 215 182 236 150 174 215 43 45 36
243 4 19 243 114 70 203 135 215 176 229 84 7 222 118 246 9 210 212 55 116 104 2 19 165 174 194 210 97 28 249 86 70 84 83 38 172 5 148 155 169 139 4 41 102 247 54 99 77 252 164 196 158 86 166 238 243 233 69 70 18 41 143 55 244 150 67 87 19 131 83 195 183 26 65 55 50 97 208 152 163 90 20 110 84 234 193 23 154 86 193 62 114 231 114 99 202 1 254 201
103 111 53 176 10 181 17 63 47 154 143 173 184 49 81 186 67 53 131 10 96 171 69 206 177 155 80 1 250 184 62 154 142 110 244 241 162 164 25 241 26 200 144 143 84 66 85 172 143 57 130 237 208 60 191 196 150 232 1 173 27 81 132 176 173 10 72 247 11 30 142 9 184 74 255 124 116 184 51 74 141 46 115 229 18 143 167 216 230 215 55 235 136 179 66 225 93 84 121 199
65 32 121 124 4 232 146 90 173 197 155 230 56 96 166 159 157 30 139 146 150 172 129 250 79 130 17 220 209 152 80 73 58 33 25 8 225 24 167 143 110 184 88 42 12 54 189 6 13 238 224 208 200 36 175 114 189 226 249 115 110 244 233 212 140 153 253 17 159 50 124 38 238 61 50 48 52 206 26 24 219 91 0 169 74 86 128 5 196 63 181 55 73 175 220 170 204 183 204 3
172 158 31 113 188 198 189 130 70 206 75 252 74 59 109 204 181 41 181 1 225 231 20 68 53 176 220 104 246 77 40 45 184 25 203 123 170 80 35 134 72 175 229 128 218 192 210 190 119 107 67 41 41 134 235 148 235 73 136 1 171 157 34 177 187 175 174 1 127 196 57 44 78 233 31 249 209 233 16 167 195 20 25 241 205 6 138 213 192 121 139 128 81 82 100 79 218 231 214 104
245 185 132 239 145 121 204 155 57 103 244 112 135 128 75 238 225 16 205 102 111 171 194 77 114 106 34 73 105 129 162 218 111 164 68 46 32 116 117 61 149 100 103 227 104 80 204 37 4 79 110 138 60 165 175 143 206 143 120 49 136 77 239 30 60 159 150 37 128 129 95 148 109 180 173 170 132 10 194 159 141 41 86 197 169 62 140 248 249 201 182 245 85 38 85 63 215 137 240 232
177 40 151 115 247 10 174 243 123 223 148 228 200 232 188 82 130 118 142 56 180 108 1 77 69 150 19 218 17 43 36 168 146 155 238 251 146 7 178 108 36 171 123 34 198 214 224 99 121 52 227 56 70 226 124 83 227 170 120 192 119 248 127 142 13 240 251 50 41 251 171 158 45 72 165 37 204 207 56 226 192 97 193 224 85 30 212 120 180 224 54 214 139 150 125 251 229 75 177 190
226 131 254 234 104 240 53 66 193 250 182 146 42 178 247 94 30 96 135 201 35 104 169 47 88 118 81 133 87 50 203 180 166 203 168 219 40 234 141 17 30 144 168 7 255 22 97 28 61 3 73 78 159 242 71 181 245 131 236 97 27 245 15 116 200 231 5 47 122 203 247 52 131 178 207 31 112 255 156 246 144 229 236 20 140 23 167 129 183 13 81 156 85 230 69 29 149 23 57 31
0 23 203 143 152 109 20 98 69 214 242 213 41 3 205 176 116 238 0 21 158 237 87 60 100 123 116 238 152 43 32 213 53 193 39 10 57 43 114 205 56 118 187 102 107 247 217 201 9 106 218 87 58 77 187 192 236 180 83 185 109 77 207 211 227 206 112 226 23 61 30 117 48 123 55 177 56 136 172 185 67 162 178 252 37 48 105 26 225 216 76 11 139 227 186 143 80 93 249 215
139 201 169 14 86 253 85 55 154 123 232 162 204 74 197 229 141 174 78 85 117 115 56 153 101 148 36 181 72 113 140 216 129 56 182 20 201 156 204 3 208 17 62 26 95 111 133 158 73 214 167 81 159 35 65 141 198 162 120 161 68 191 112 175 189 216 233 95 218 152 124 53 7 244 83 2 161 196 134 204 1 186 181 42 75 196 205 178 69 135 145 56 32 59 205 71 195 76 177 83
74 28 212 1 22 130 58 159 98 225 178 225 77 105 97 192 198 203 181 222 89 74 151 48 243 66 207 199 156 147 168 88 42 95 141 44 232 250 81 30 250 166 205 66 252 105 177 203 175 18 176 148 145 168 2 57 93 115 159 67 95 39 49 113 240 94 140 24 6 234 180 160 103 137 45 111 2 131 251 138 146 91 69 230 16 146 208 172 239 68 70 84 40 20 88 147 232 53 237 205
90 155 64 129 220 135 56 113 100 187 120 42 174 176 186 58 220 181 187 205 77 8 69 137 71 152 105 84 181 15 154 131 229 166 98 68 128 109 225 114 28 171 83 167 195 164 47 196 231 31 192 140 242 247 13 128 148 34 175 111 252 169 204 39 6 121 14 171 129 249 131 34 139 63 63 83 193 124 27 110 192 115 102 114 208 18 44 32 53 88 130 50 238 125 105 194 14 78 230 76
240 111 190 253 151 120 231 195 251 49 237 96 149 173 235 167 99 142 94 96 85 205 118 195 210 24 98 129 251 12 13 167 17 116 25 143 21 153 240 203 97 229 13 243 219 23 172 220 130 150 48 71 65 140 63 96 61 40 102 126 13 5 46 241 238 146 86 135 126 251 21 27 159 45 122 72 77 113 233 216 221 17 241 16 245 177 250 4 40 138 102 8 197 78 177 98 134 208 159 154
34 94 213 132 154 132 102 185 35 45 46 122 39 195 94 224 194 158 100 50 193 23 58 40 121 178 252 254 122 15 14 36 225 112 133 35 185 245 57 57 139 249 11 221 242 17 176 147 162 124 170 217 189 14 224 213 196 36 197 189 49 106 248 246 75 22 204 177 233 98 226 80 5 117 82 19 99 92 90 14 246 78 48 9 156 92 222 121 9 178 123 94 253 147 36 138 251 128 74 161
28 170 130 63 188 247 101 181 29 51 123 137 192 154 228 180 74 254 70 11 47 20 172 29 8 124 68 62 112 212 157 132 145 122 83 216 95 192 16 235 39 181 149 195 247 77 24 35 85 144 136 227 111 40 201 218 5 13 231 40 77 185 14 171 5 101 132 69 4 53 209 132 254 233 155 17 63 31 137 224 148 108 87 162 7 226 207 246 135 47 85 71 11 149 173 158 72 144 83 49
15 172 21 31 1 105 79 255 33 148 156 0 228 33 111 225 205 168 75 235 86 55 30 7 62 214 196 121 75 68 28 150 58 64 139 162 36 95 116 77 100 203 182 67 20 28 189 213 198 80 201 231 204 164 174 36 159 202 11 200 208 218 228 141 139 84 223 167 83 132 136 21 101 139 224 245 78 117 41 108 49 231 89 243 241 191 25 214 201 102 209 59 225 190 234 84 201 14 249 76
114 21 153 186 125 190 155 74 122 151 195 236 166 231 134 86 130 85 188 66 15 250 224 153 99 121 250 190 246 187 36 70 34 149 229 185 238 101 103 40 106 184 37 177 198 123 85 28 27 213 255 149 73 14 97 198 72 97 72 250 103 0 20 75 20 3 178 86 74 143 237 233 220 14 200 110 224 47 197 208 246 186 91 102 146 16 234 247 221 245 31 3 204 141 159 194 115 78 200 209
230 64 202 39 194 143 232 55 127 180 217 2 238 156 27 184 202 117 163 142 114 8 29 183 81 30 141 144 195 156 129 154 178 244 179 58 247 68 255 126 118 144 108 165 139 54 221 180 35 77 90 163 45 184 35 233 207 96 28 99 82 14 66 96 97 50 197 220 195 1 220 200 92 60 76 157 145 4 243 84 93 153 249 110 244 235 203 164 62 186 89 198 12 222 213 11 41 150 107 115
197 122 246 153 30 97 85 254 67 38 250 63 241 221 252 241 217 58 209 48 155 169 135 88 22 18 68 64 120 160 69 4 110 89 72 16 110 247 239 89 218 101 55 66 108 138 18 48 138 136 4 145 76 107 218 98 169 245 101 114 115 98 128 117 148 240 60 6 97 36 71 129 72 51 234 206 22 158 36 139 142 57 64 251 160 193 50 208 37 70 18 183 198 204 85 139 66 63 251 253
222 16 176 38 227 143 104 211 86 149 12 25 221 219 64 78 253 161 214 98 4 151 170 250 213 54 247 69 157 105 6 156 101 5 253 7 15 75 174 68 138 231 251 109 12 28 22 76 200 159 147 57 204 0 177 218 62 114 167 140 109 7 123 175 111 242 225 95 149 201 178 32 53 135 222 178 179 32 45 33 41 57 170 88 3 54 227 150 91 176 90 208 210 204 109 217 191 231 180 153
230 36 159 44 153 106 157 224 242 36 97 127 178 253 133 135 251 163 104 47 208 252 255 106 226 53 36 55 6 167 231 105 161 166 118 115 126 121 100 4 226 209 250 153 115 44 234 202 55 31 169 137 237 136 220 251 164 145 107 155 17 225 27 28 61 84 242 117 11 238 129 178 95 46 45 207 151 36 120 126 39 45 42 38 251 221 197 162 186 165 59 7 171 110 84 67 66 95 153 32
27 117 197 37 7 183 155 89 239 117 219 250 186 148 46 31 239 241 213 235 1 74 216 235 202 202 32 47 105 92 21 46 145 64 30 41 63 18 161 75 199 138 200 188 217 193 120 16 79 200 57 133 182 185 87 69 219 173 255 28 205 93 145 210 109 30 236 240 67 241 255 169 242 164 77 102 183 226 167 14 211 227 168 94 247 5 105 69 166 226 234 210 219 104 39 246 151 125 255 229
16 64 226 69 185 78 74 115 0 6 168 19 152 139 21 245 199 244 174 203 161 63 176 227 128 18 64 183 78 201 134 111 41 239 103 39 73 211 138 167 197 150 23 246 168 203 112 52 165 198 104 202 221 32 147 227 53 190 27 155 210 242 120 184 10 40 212 35 8 188 194 236 84 94 219 240 248 252 219 181 101 36 195 42 29 236 16 207 88 1 16 249 162 158 87 55 217 220 83 155
219 41 247 139 63 214 190 255 76 169 74 164 161 142 155 57 140 242 239 172 187 251 46 32 165 170 241 29 213 93 38 235 106 14 177 164 165 57 63 245 211 150 159 189 157 60 87 216 120 16 165 181 203 192 43 102 31 80 10 240 21 229 50 47 32 86 84 178 254 47 40 133 243 226 160 134 153 70 5 222 55 86 249 105 114 61 63 171 144 95 58 51 1 28 206 247 112 98 41 81
40 108 15 137 99 20 108 46 91 110 25 172 165 227 204 219 155 129 23 115 123 70 43 106 71 94 79 94 251 34 152 188 233 227 186 164 55 55 57 66 130 143 223 29 214 81 155 184 243 115 31 81 230 171 79 78 99 204 117 166 42 234 143 212 56 100 173 66 42 18 120 204 95 42 28 236 115 253 173 163 127 248 203 251 125 169 179 200 142 85 14 74 187 167 251 234 59 40 249 198
132 46 45 238 24 91 208 57 25 160 173 156 124 147 161 26 211 167 36 47 63 111 139 255 196 226 241 231 246 62 228 33 197 121 88 13 226 47 135 187 114 161 200 8 247 78 234 231 154 137 243 139 66 104 60 107 115 106 232 159 46 152 68 31 18 214 132 247 60 46 249 98 246 178 65 127 153 243 159 5 38 245 215 189 72 207 46 209 155 13 99 158 167 48 30 143 129 147 254 5
32 66 113 166 35 254 170 106 108 194 170 9 227 183 105 25 141 98 81 153 241 22 203 71 246 15 143 94 154 222 156 182 129 174 88 240 174 101 119 201 164 67 25 75 24 136 200 186 117 172 91 18 41 64 57 53 28 59 194 71 193 38 66 17 149 36 74 24 201 132 203 227 153 160 231 13 94 162 71 116 53 190 178 213 103 95 80 88 105 155 106 21 247 220 123 140 231 27 239 228
217 126 223 207 169 249 23 33 121 132 207 110 198 191 247 175 119 153 118 21 168 201 75 28 166 77 166 222 157 102 196 55 12 140 186 217 24 171 253 144 226 16 19 159 100 135 111 33 42 176 10 142 191 242 50 77 173 196 215 201 200 200 105 222 241 126 247 205 89 203 45 113 154 209 215 5 93 172 251 136 188 170 254 29 220 248 92 237 41 52 152 27 245 22 220 164 47 155 153 158
148 81 149 57 242 24 29 105 254 60 82 62 65 91 7 38 244 146 155 172 95 159 3 46 24 246 228 112 146 32 184 197 208 24 223 81 47 214 119 135 98 18 225 101 44 217 15 170 4 185 189 155 233 174 74 59 189 138 196 21 200 108 101 189 125 132 3 25 75 127 240 235 90 4 222 26 197 60 36 150 112 157 77 149 35 113 102 72 255 231 11 121 138 251 202 0 71 242 249 3
213 12 255 4 13 239 199 239 164 177 98 200 99 41 233 22 253 143 175 232 219 36 29 37 72 71 65 67 78 215 62 132 105 4 186 207 110 79 0 104 183 89 84 48 36 108 163 190 128 5 251 145 76 13 174 170 42 202 145 19 67 78 177 214 205 174 73 217 145 12 162 134 228 178 14 18 65 95 75 58 241 13 152 198 159 46 189 126 125 80 155 76 104 159 73 186 56 108 129 160
160 208 177 11 200 171 233 224 217 188 217 203 248 117 64 107 89 229 82 119 114 103 81 182 216 31 93 108 166 157 182 25 51 63 93 71 146 88 215 122 81 18 16 250 217 20 161 186 51 32 203 72 247 213 246 78 190 247 60 245 1 26 45 243 250 78 78 237 157 127 138 105 144 133 54 107 159 168 11 163 46 186 104 157 58 96 141 181 37 17 214 138 98 6 39 12 238 194 136 50
148 119 191 186 46 187 12 152 40 130 32 37 135 37 184 216 16 45 205 68 105 199 141 69 162 243 55 42 69 40 125 192 177 227 9 206 54 241 222 79 221 109 195 89 196 118 114 228 36 239 195 110 75 105 109 217 152 65 248 58 193 171 194 128 134 69 176 115 177 78 174 109 35 162 71 134 183 16 2 60 11 62 115 248 29 52 36 144 128 106 157 126 4 42 186 30 247 190 40 173
242 157 98 232 146 69 238 249 234 19 242 99 66 123 71 217 115 219 151 216 101 173 28 219 135 65 21 211 172 42 159 32 136 132 244 21 119 84 71 141 68 230 234 132 113 46 11 66 140 166 126 196 38 146 177 66 167 193 3 73 211 193 93 6 135 250 46 153 145 148 89 111 190 247 119 210 4 141 79 169 186 55 99 177 138 149 5 151 18 123 66 84 93 60 90 7 53 216 94 248
53 192 117 95 122 135 10 117 230 96 104 9 195 148 20 183 254 208 50 81 25 22 22 105 245 201 122 182 182 62 136 52 150 55 164 145 207 85 225 226 134 114 186 56 35 228 114 79 112 43 89 200 140 252 166 193 172 212 58 118 188 120 7 122 33 249 37 154 186 136 124 154 192 91 202 116 131 95 226 34 137 81 122 36 216 20 136 133 94 214 220 245 109 254 75 174 129 255 181 115
98 66 39 140 126 129 16 115 149 27 23 242 150 250 8 117 74 117 244 255 118 199 141 106 217 42 225 241 41 128 177 197 203 103 236 126 243 105 203 197 40 117 105 68 32 40 44 102 24 99 229 122 183 222 219 253 96 254 48 46 70 116 210 90 248 237 13 77 60 38 4 217 225 89 140 245 247 148 18 81 45 54 253 158 170 225 35 50 62 179 76 65 11 128 114 179 220 111 241 146
10 249 132 252 144 84 166 34 162 65 65 150 246 11 98 103 72 61 216 254 188 2 171 78 133 110 13 80 34 98 126 99 18 84 156 150 74 48 46 206 252 1 17 182 73 85 119 73 144 233 123 252 153 132 168 2 33 255 166 101 167 252 78 96 174 143 183 93 162 240 208 182 55 179 233 98 162 250 105 204 128 154 200 159 130 185 170 240 86 88 243 46 76 42 190 67 93 250 134 16
22 65 143 239 9 173 145 165 117 67 52 18 211 82 243 175 193 107 199 60 36 246 249 57 219 74 251 58 147 25 107 85 35 37 72 154 195 71 69 195 236 89 101 3 245 217 21 121 98 101 248 148 64 92 192 119 83 54 49 175 222 102 76 35 182 26 111 251 174 120 19 141 4 5 110 210 125 250 215 86 48 0 220 233 26 107 63 95 34 3 202 50 224 146 227 143 36 8 230 93
183 197 253 60 186 170 160 144 10 88 65 89 145 230 182 50 66 209 17 218 182 80 239 3 93 41 103 156 64 249 151 220 243 152 167 61 247 0 8 176 173 33 12 94 57 101 39 122 98 14 93 182 65 244 185 13 236 75 152 154 182 61 173 238 153 206 245 49 61 111 10 174 103 140 52 8 163 54 100 149 222 17 190 208 201 49 40 40 228 87 158 240 133 76 26 47 241 10 59 47
120 219 186 10 151 11 251 1 92 106 127 76 161 99 80 94 156 245 104 147 130 166 205 195 238 211 129 199 86 86 55 129 251 244 87 242 64 189 17 229 246 174 6 12 215 164 9 15 183 22 221 98 64 104 184 114 254 159 113 161 191 104 28 211 78 26 150 145 42 37 35 208 6 221 46 97 110 40 197 21 233 51 169 226 169 9 112 5 193 169 251 233 40 68 151 71 101 215 251 18
8 199 18 53 145 197 196 51 243 98 60 166 1 73 160 68 156 148 83 18 201 253 250 93 82 45 47 160 138 254 35 193 15 80 178 236 0 3 204 10 71 241 201 67 21 248 198 15 73 15 173 221 151 76 64 90 127 109 142 116 83 24 76 24 153 95 132 56 125 141 97 74 9 4 176 8 150 218 156 152 145 111 237 134 218 251 216 24 146 224 242 37 127 204 81 24 210 225 163 117
112 141 99 182 162 42 164 17 228 74 184 88 195 82 181 217 228 255 108 58 253 126 100 36 103 166 43 38 63 157 160 22 2 251 242 238 217 124 235 0 80 194 108 143 187 98 13 168 91 114 42 92 21 233 65 168 113 215 67 148 60 55 204 248 136 215 5 231 61 12 27 88 13 130 15 38 195 235 118 223 3 25 21 77 120 194 243 192 115 91 110 216 167 3 41 96 164 80 7 247
124 198 138 150 239 184 245 175 57 47 152 99 87 115 111 159 234 61 164 27 71 36 14 156 193 121 211 12 245 103 190 221 166 103 43 18 18 245 32 93 166 104 43 146 88 26 135 166 250 89 238 7 209 31 67 172 199 125 137 125 120 71 167 90 37 143 255 166 62 6 212 204 233 96 75 149 25 100 225 14 167 189 157 209 71 75 193 4 150 69 176 229 63 199 10 37 136 82 141 163
50 146 38 69 16 187 184 99 241 249 129 140 213 167 15 45 144 145 102 105 3 184 29 33 72 162 99 17 250 230 144 132 134 164 62 207 170 13 203 168 182 172 151 160 46 137 148 116 205 98 149 228 48 54 243 241 108 253 95 180 91 244 18 41 153 212 163 208 194 72 191 78 234 231 4 96 161 49 39 238 79 229 31 66 4 130 171 21 136 32 63 173 207 3 171 171 63 163 163 5
42 13 208 106 170 196 22 8 199 187 176 234 51 190 226 198 55 53 202 88 173 95 55 94 189 166 81 6 70 117 91 77 58 56 3 202 205 4 10 159 141 104 220 168 211 158 236 26 64 175 157 108 139 34 245 7 192 104 6 89 177 197 202 9 35 183 190 0 205 106 144 85 84 170 92 224 249 143 16 148 41 89 109 146 17 253 204 46 238 110 249 176 180 128 98 235 28 126 189 118
210 240 65 236 40 76 177 60 253 31 33 136 154 120 215 147 119 68 103 27 122 22 93 37 242 255 119 115 48 28 5 179 29 127 137 110 39 232 243 9 73 225 251 89 211 1 47 5 24 28 244 154 249 200 225 30 62 235 169 99 238 192 189 24 99 42 89 73 25 201 54 32 70 114 232 123 211 165 169 85 94 250 76 125 168 131 80 174 216 12 210 129 34 111 65 193 43 187 137 224
133 222 175 246 170 37 220 250 60 116 107 160 244 143 21 38 156 216 191 140 0 90 142 173 104 12 127 98 203 129 25 203 25 18 28 236 19 229 228 177 31 179 246 103 90 44 218 42 251 196 47 124 150 64 154 107 77 20 132 43 123 104 38 176 53 177 123 161 241 126 249 158 230 116 228 211 249 154 184 170 87 61 140 96 224 148 27 94 185 192 182 26 10 82 77 172 20 253 93 143
149 117 64 33 129 239 138 55 176 56 74 163 191 104 195 40 237 38 239 190 188 51 120 69 235 137 17 115 76 59 132 177 240 159 68 102 195 230 50 178 253 179 7 210 79 4 136 53 191 93 95 251 62 17 125 176 59 32 36 6 0 17 21 90 174 138 169 147 246 55 147 179 150 222 32 145 170 217 126 212 93 22 223 234 66 217 143 233 50 70 108 119 143 245 29 43 48 24 131 134
227 241 203 81 128 1 14 223 71 40 245 208 180 87 38 239 158 74 139 157 144 126 125 117 67 131 191 172 84 49 150 18 223 124 196 55 1 197 159 123 75 60 177 50 209 111 0 47 134 67 142 118 71 235 58 166 161 155 55 159 51 24 210 57 42 210 172 130 184 29 80 177 131 45 79 196 155 15 21 91 73 95 76 243 191 141 12 221 254 163 233 12 254 211 92 156 206 67 12 207
59 199 103 70 40 86 80 225 111 206 9 231 102 132 207 128 224 187 135 181 212 223 196 137 207 235 220 99 201 255 164 71 140 124 163 96 128 149 52 123 228 185 175 143 121 201 14 70 237 34 113 81 165 32 160 99 235 163 174 185 219 115 145 94 61 231 21 192 45 147 192 146 163 147 73 168 10 249 162 141 244 28 241 73 64 65 78 241 117 137 246 156 114 248 31 48 226 107 42 197
45 206 69 188 94 49 26 164 229 107 219 66 52 100 178 58 188 194 185 241 124 38 37 202 232 32 229 93 145 122 202 87 124 180 26 124 156 67 98 179 11 58 153 249 31 201 25 34 45 146 114 147 152 108 18 145 27 210 70 48 161 30 199 207 192 204 1 153 196 166 160 110 159 42 185 254 99 249 98 218 91 201 235 74 138 90 233 187 207 52 18 5 179 184 235 218 43 77 141 164
120 76 108 2 112 174 83 87 25 238 238 215 128 146 57 142 105 117 201 25 252 189 254 64 219 211 244 146 138 252 207 47 234 71 228 112 82 253 34 249 234 104 51 206 115 151 245 244 133 173 114 18 51 168 62 77 241 69 182 31 50 69 163 16 184 68 177 91 154 62 156 246 5 132 208 17 54 201 133 251 206 134 170 239 199 10 109 142 194 247 136 197 28 163 90 50 89 251 193 158
20 53 232 135 249 119 77 65 44 240 2 180 194 67 178 185 146 23 37 194 16 41 110 40 122 119 150 213 90 202 147 212 156 207 111 103 123 142 249 60 88 160 200 79 160 2 52 18 234 174 33 84 110 59 209 111 2 196 23 191 1 158 116 68 183 6 204 209 173 51 94 52 56 159 25 48 30 46 116 54 242 240 54 1 168 168 63 37 6 62 22 102 86 37 72 11 30 76 176 112
209 95 107 144 111 208 120 236 187 53 56 171 218 25 148 211 198 17 57 44 188 124 133 181 189 136 30 127 173 195 144 23 187 249 46 95 205 254 127 190 16 130 190 192 4 244 227 231 47 144 120 100 28 83 55 167 60 134 11 216 81 219 168 146 130 16 11 87 202 140 221 191 172 91 192 49 24 97 165 3 12 149 37 204 215 28 86 90 132 130 74 254 208 94 176 167 238 142 35 189
100 19 160 89 152 225 105 85 42 248 157 239 48 67 208 160 116 78 207 61 98 121 206 11 33 208 248 246 26 128 235 130 135 250 78 113 218 1 220 78 186 104 107 25 70 229 240 14 200 185 219 15 144 213 42 77 15 75 53 8 57 218 160 21 166 236 189 92 26 21 214 104 192 235 151 54 249 173 22 165 208 147 212 66 213 48 215 169 88 224 23 85 230 42 246 68 64 178 82 84
17 49 114 193 221 141 15 20 195 50 137 163 20 69 226 43 184 198 88 218 42 157 232 229 173 218 28 10 191 253 148 189 237 199 217 111 6 107 40 155 209 24 60 35 175 10 110 86 136 51 187 237 110 244 13 107 170 186 150 139 234 165 152 156 185 180 120 222 171 11 181 194 2 2 191 181 187 223 64 251 235 18 40 30 180 171 69 196 231 87 74 20 238 90 206 122 171 110 235 26
202 122 33 80 243 48 25 51 138 220 240 203 52 175 24 46 230 251 12 135 116 71 112 23 147 175 36 60 40 18 207 55 172 192 243 213 70 151 15 2 216 144 238 82 117 86 205 178 183 36 36 176 196 159 186 144 28 82 157 37 32 211 57 251 119 55 4 63 255 102 127 34 142 159 20 231 36 153 74 100 39 3 65 28 241 170 118 127 45 39 222 21 109 163 86 215 202 43 237 164
212 44 250 190 106 254 245 252 204 241 219 194 186 163 157 166 115 148 201 151 106 78 197 223 87 158 173 247 198 170 44 75 207 30 38 52 249 146 1 164 2 242 86 146 88 5 7 143 210 49 145 72 50 75 104 32 178 78 211 247 162 215 20 196 50 186 175 65 186 223 175 221 17 115 210 137 198 223 1 230 237 81 241 217 137 158 164 236 213 120 177 236 56 152 202 71 241 252 254 144
51 1 70 150 149 251 150 210 239 130 203 85 17 210 68 233 25 112 208 30 85 119 3 175 255 116 31 130 249 179 105 78 196 225 255 31 130 180 199 184 176 218 54 124 25 164 7 131 13 244 63 253 111 101 162 46 35 82 162 133 241 35 129 194 64 183 102 33 43 211 90 75 194 51 243 160 229 51 148 9 211 103 44 184 237 152 175 144 97 5 134 120 226 66 93 147 87 215 0 13
196 183 155 26 179 248 93 68 194 116 0 42 136 130 83 57 231 109 109 159 17 52 36 135 194 69 41 239 235 51 238 246 149 128 42 116 156 232 59 158 88 134 103 199 138 231 4 26 58 40 133 247 209 17 99 224 79 69 151 5 235 162 37 155 128 13 5 126 232 28 26 88 159 24 130 68 97 109 3 56 93 4 222 11 158 139 112 64 136 174 45 253 16 57 166 23 114 71 251 119
143 36 63 243 84 244 255 186 252 215 73 49 70 98 203 216 128 198 211 40 251 213 226 167 182 183 123 80 42 249 84 212 107 106 175 192 156 254 39 10 107 231 45 187 123 59 177 200 178 61 180 255 168 114 22 64 147 255 244 69 227 210 7 13 150 20 8 149 59 239 224 186 131 53 106 184 209 244 177 82 248 173 48 226 33 110 55 36 211 132 38 16 242 138 55 41 112 53 112 125
207 201 236 210 95 239 13 186 231 198 36 98 206 167 176 124 142 114 45 4 30 162 112 177 233 215 224 244 151 91 5 147 123 8 205 142 172 199 161 248 177 170 23 190 9 206 118 107 193 245 37 180 230 115 34 5 85 110 30 235 126 32 130 156 121 7 3 55 136 148 160 140 244 71 215 229 234 84 119 30 73 208 130 216 175 75 71 91 132 209 85 110 132 152 202 226 86 39 137 124
32 244 165 143 176 159 153 100 227 36 83 76 3 155 74 107 101 8 169 132 65 213 19 83 165 100 128 121 252 152 40 113 250 45 89 17 201 217 185 157 79 15 67 46 230 102 119 80 218 139 62 34 22 181 129 91 73 75 54 24 160 140 20 204 46 54 67 187 155 249 173 236 78 210 7 161 136 238 183 21 113 27 165 178 133 58 184 70 131 116 227 184 226 172 73 196 45 254 161 4
98 52 52 183 22 40 183 44 215 144 137 223 246 254 47 124 197 163 149 115 205 222 208 135 53 168 67 32 147 103 204 14 35 140 51 105 144 173 156 192 71 197 194 215 206 49 38 127 166 115 104 62 74 45 189 129 85 82 111 220 5 8 147 202 9 107 228 208 145 190 177 211 104 110 110 26 146 51 58 106 105 70 47 230 147 174 10 179 237 193 15 91 97 144 185 254 22 140 15 193
253 89 227 143 180 133 58 231 149 79 115 231 196 246 5 218 43 109 37 4 44 128 27 71 95 86 217 180 51 133 195 24 109 118 144 94 177 123 11 166 81 144 254 2 182 125 24 178 163 99 110 142 222 226 152 41 86 194 78 48 112 142 5 2 188 107 190 219 126 196 152 37 111 158 84 144 162 90 189 17 164 223 81 74 102 67 0 209 163 93 83 212 15 123 92 241 61 225 125 58
246 137 181 142 191 210 190 194 213 136 163 147 24 78 109 33 175 84 32 41 158 185 30 254 19 176 151 50 29 26 240 98 30 190 139 75 2 172 171 205 133 240 163 251 249 222 247 164 3 73 152 134 7 234 48 198 72 238 117 72 240 140 4 178 184 219 90 149 21 242 101 238 197 48 202 194 72 118 134 15 225 58 201 198 102 107 162 140 36 141 86 15 73 161 16 13 29 193 40 85
242 6 37 192 187 164 173 174 212 42 182 48 130 254 252 117 64 124 210 138 33 113 174 222 137 215 38 53 66 43 136 22 124 171 42 177 9 13 129 191 131 207 203 70 118 111 171 98 31 70 223 30 114 40 48 34 88 56 188 129 200 36 239 34 6 77 251 135 67 141 79 194 9 211 181 137 210 133 136 142 105 214 32 212 44 140 19 19 229 111 41 168 78 113 139 216 60 140 70 44
25 254 127 126 198 100 33 206 184 15 116 21 41 137 212 113 92 210 87 195 180 137 171 191 247 87 58 115 167 42 50 67 11 26 155 196 74 81 162 244 240 144 179 67 46 163 95 83 80 15 228 175 146 19 53 82 86 105 23 15 5 237 186 190 147 67 92 133 80 88 237 182 250 151 46 205 57 124 33 158 56 86 175 108 64 20 113 223 56 114 8 108 68 177 58 170 37 238 190 254
99 48 145 120 195 120 38 119 85 118 235 118 179 173 63 184 246 12 120 232 25 25 242 19 78 99 246 200 84 92 167 123 236 148 115 182 223 60 111 212 255 123 214 134 126 145 57 153 125 185 72 245 161 144 153 77 10 58 25 155 180 38 243 86 226 146 234 247 17 63 173 101 154 174 216 4 104 128 254 56 13 164 244 72 213 24 15 10 235 206 184 112 111 44 159 59 212 183 89 111
107 103 98 26 36 194 99 212 35 96 73 5 7 105 138 102 7 66 52 129 208 71 227 219 55 81 81 4 126 55 217 190 65 217 254 52 210 155 59 210 191 234 178 171 59 207 80 228 216 78 198 189 228 215 52 243 25 185 98 206 81 122 219 78 8 187 219 155 37 55 22 205 171 5 183 222 134 162 49 73 83 42 45 103 22 133 162 24 5 192 72 194 190 226 237 122 169 110 182 182
225 7 33 131 57 32 224 63 201 206 145 255 164 100 208 187 188 59 147 159 62 98 26 125 120 106 103 136 51 248 205 145 46 22 24 113 234 119 226 17 136 247 236 96 91 232 19 22 144 131 88 40 36 60 1 142 27 125 114 172 96 24 61 53 137 220 72 200 31 203 9 106 159 118 122 226 60 15 171 243 243 220 246 70 163 141 195 163 92 185 14 78 177 154 216 115 18 156 2 49
138 79 142 67 47 114 137 29 128 83 11 23 113 82 241 213 82 84 33 180 174 1 30 91 174 242 193 127 154 3 163 193 41 38 216 114 153 212 154 73 239 51 245 19 76 227 34 239 170 10 147 35 128 190 10 184 74 97 201 178 176 44 214 17 48 118 108 142 136 213 226 69 227 171 88 147 64 131 188 155 19 40 146 1 204 12 165 145 189 202 30 183 141 174 109 2 18 158 78 122
51 91 11 226 231 46 189 223 154 74 162 157 169 123 25 232 29 232 27 71 200 18 37 142 121 232 14 60 26 220 245 27 137 140 114 187 224 103 14 145 233 68 42 202 69 177 99 148 52 12 147 161 41 49 76 20 233 43 12 178 212 62 252 80 118 236 156 118 48 96 83 22 226 80 182 156 31 188 60 199 229 83 54 117 105 224 38 84 139 148 142 105 186 129 107 9 22 162 90 92
236 55 214 140 236 251 185 110 152 10 231 105 136 130 110 166 244 11 20 64 206 230 97 155 173 84 238 19 122 153 255 115 22 190 24 188 80 209 91 157 125 162 134 162 82 141 79 144 159 8 223 255 198 227 63 82 88 41 193 161 130 105 207 33 238 17 31 164 69 238 76 111 44 168 65 25 54 224 11 76 26 223 164 137 173 81 236 235 117 182 209 48 198 247 146 180 252 64 8 247
191 156 57 85 105 57 26 208 227 144 234 36 140 252 115 35 179 181 50 250 132 89 17 25 113 75 78 244 219 70 11 246 126 2 37 132 160 129 238 116 41 139 206 56 7 105 8 234 242 45 53 1 209 120 201 86 165 197 189 233 88 171 89 28 200 211 118 199 34 196 119 78 172 254 117 215 188 200 154 12 244 184 46 176 21 125 60 82 168 142 209 121 67 59 139 7 187 86 48 234
69 19 39 66 234 226 123 234 56 201 95 218 15 75 75 211 148 119 255 221 40 107 123 63 41 119 108 223 43 155 87 211 120 207 103 177 78 32 194 190 41 230 166 21 50 218 47 76 231 83 117 225 124 216 141 225 139 199 253 155 241 19 30 106 197 35 162 185 57 77 24 101 73 158 143 9 205 53 139 169 241 183 194 241 65 147 111 123 121 104 146 116 103 164 150 86 56 179 238 125
210 102 249 115 12 143 174 101 124 0 228 18 145 117 146 46 226 42 246 72 64 247 3 71 137 29 36 117 89 75 69 233 239 138 28 237 203 206 1 215 65 55 211 228 150 217 70 180 211 247 159 164 223 90 137 130 223 68 126 251 209 138 241 26 54 35 133 198 205 88 197 191 150 216 242 182 244 104 92 195 212 155 139 196 177 199 17 249 54 225 211 196 22 95 59 187 190 75 176 218
122 215 131 171 129 27 255 177 104 165 249 159 98 117 114 106 69 40 79 172 42 216 39 48 229 160 42 166 93 242 149 122 180 59 177 242 184 193 185 29 94 240 76 181 125 5 127 234 57 201 76 221 26 171 63 127 218 15 244 166 101 118 123 56 124 231 65 13 221 54 49 43 144 55 119 14 68 230 243 183 179 37 179 192 202 73 77 54 20 228 159 51 15 28 127 125 71 32 206 123
88 180 246 110 136 216 189 34 35 83 118 158 82 8 137 239 44 149 139 247 151 97 83 188 125 231 228 135 138 38 211 74 160 8 238 70 200 208 63 150 252 241 191 88 243 178 79 198 118 171 96 162 160 19 58 108 48 165 114 224 166 57 215 164 80 2 153 30 82 95 196 190 19 206 187 182 97 124 234 245 29 75 81 105 75 151 128 213 185 229 111 205 35 83 254 199 119 219 131 124
170 95 74 45 105 156 30 143 146 244 5 244 37 131 63 29 221 45 47 86 76 3 114 240 223 79 102 43 135 122 114 236 66 192 111 198 48 8 135 137 90 120 85 199 137 129 114 221 45 5 75 130 3 16 64 71 241 169 187 99 219 45 105 110 108 30 100 12 173 45 234 233 177 209 128 63 122 84 223 216 62 67 146 139 9 66 212 90 218 17 222 118 13 248 224 25 95 200 224 236
199 106 50 149 244 149 96 249 210 183 245 243 177 170 185 65 217 117 224 101 205 186 149 191 247 229 185 131 239 8 44 81 204 71 93 227 45 0 57 119 216 5 201 180 172 131 64 247 13 112 159 11 176 81 183 189 50 93 134 91 151 180 51 244 46 28 32 75 48 247 34 233 242 130 167 21 58 227 197 166 122 201 92 127 117 193 139 162 239 39 108 11 249 149 223 57 175 8 74 17
215 146 68 160 160 96 73 80 47 61 219 106 90 4 149 141 187 228 181 234 169 228 58 185 233 108 134 108 175 240 221 141 15 179 152 72 27 168 253 131 48 131 1 14 205 215 30 133 49 2 119 62 118 193 99 203 251 4 65 24 137 244 51 95 125 123 160 64 253 2 142 162 152 182 230 122 239 174 241 11 0 55 240 232 8 21 147 148 220 48 109 129 153 16 246 137 13 123 248 113
